1	53
10	401
100	76
1000	84
1001	377
1002	66
1003	29
1004	481
1005	92
1006	44
1007	32
1008	50
1009	52
101	106
1010	1004
1011	37
1012	55
1013	46
1014	39
1015	1286
1016	151
1017	521
1018	122
1019	928
102	132
1020	88
1021	131
1022	146
1023	41
1024	43
1025	33
1026	44
1027	46
1028	61
1029	256
103	115
1030	171
1031	155
1032	103
1033	194
1034	337
1035	91
1036	50
1037	38
1038	148
1039	28
104	46
1040	259
1041	85
1042	45
1043	36
1044	144
1045	37
1046	26
1047	76
1048	41
1049	36
105	61
1050	564
1051	862
1052	67
1053	335
1054	127
1055	78
1056	76
1057	179
1058	357
1059	513
106	47
1060	80
1061	51
1062	194
1063	100
1064	103
1065	88
1066	122
1067	96
1068	597
1069	609
107	121
1070	21
1071	143
1072	105
1073	116
1074	192
1075	41
1076	41
1077	309
1078	127
1079	121
108	37
1080	54
1081	34
1082	57
1083	26
1084	180
1085	35
1086	312
1087	392
1088	1176
1089	72
109	81
1090	73
1091	33
1092	51
1093	70
1094	164
1095	36
1096	268
1097	168
1098	32
1099	188
11	137
110	80
1100	508
1101	518
1102	27
1103	60
1104	54
1105	161
1106	64
1107	78
1108	44
1109	205
111	92
1110	49
1111	33
1112	679
1113	319
1114	134
1115	109
1116	142
1117	754
1118	30
1119	395
112	60
1120	735
1121	289
1122	114
1123	30
1124	389
1125	580
1126	21
1127	131
1128	498
1129	103
113	68
1130	279
1131	103
1132	163
1133	168
1134	150
1135	172
1136	56
1137	564
1138	89
1139	182
114	98
1140	374
1141	466
1142	263
1143	53
1144	22
1145	57
1146	378
1147	333
1148	59
1149	89
115	38
1150	1302
1151	308
1152	149
1153	76
1154	24
1155	182
1156	72
1157	22
1158	64
1159	121
116	86
1160	107
1161	95
1162	156
1163	64
1164	458
1165	141
1166	26
1167	70
1168	233
1169	118
117	505
1170	258
1171	28
1172	443
1173	361
1174	24
1175	72
1176	126
1177	79
1178	36
1179	234
118	224
1180	37
1181	1521
1182	364
1183	186
1184	278
1185	90
1186	206
1187	31
1188	31
1189	25
119	105
1190	27
1191	105
1192	29
1193	276
1194	649
1195	96
1196	112
1197	24
1198	102
1199	179
12	23
120	63
1200	39
1201	66
1202	520
1203	741
1204	136
1205	85
1206	141
1207	618
1208	48
1209	221
121	72
1210	39
1211	397
1212	69
1213	24
1214	46
1215	115
1216	213
1217	51
1218	235
1219	224
122	57
1220	195
1221	221
1222	68
1223	146
1224	578
1225	28
1226	21
1227	154
1228	251
1229	30
123	608
1230	253
1231	110
1232	135
1233	61
1234	24
1235	50
1236	24
1237	30
1238	45
1239	88
124	23
1240	30
1241	194
1242	616
1243	368
1244	543
1245	36
1246	572
1247	36
1248	94
1249	25
125	71
1250	21
1251	45
1252	118
1253	74
1254	110
1255	235
1256	32
1257	49
1258	42
1259	60
126	51
1260	509
1261	195
1262	158
1263	279
1264	711
1265	343
1266	726
1267	170
1268	202
1269	32
127	174
1270	29
1271	170
1272	284
1273	334
1274	591
1275	30
1276	77
1277	37
1278	67
1279	361
128	22
1280	50
1281	144
1282	21
1283	46
1284	507
1285	1144
1286	68
1287	94
1288	129
1289	39
129	158
1290	55
1291	283
1292	48
1293	68
1294	261
1295	40
1296	48
1297	487
1298	614
1299	234
13	108
130	135
1300	166
1301	297
1302	60
1303	677
1304	84
1305	21
1306	461
1307	21
1308	89
1309	24
131	295
1310	24
1311	188
1312	155
1313	29
1314	228
1315	93
1316	38
1317	799
1318	21
1319	28
132	89
1320	117
1321	171
1322	384
1323	148
1324	108
1325	282
1326	37
1327	71
1328	125
1329	410
133	170
1330	46
1331	150
1332	32
1333	557
1334	59
1335	307
1336	23
1337	65
1338	132
1339	213
134	183
1340	805
1341	87
1342	92
1343	279
1344	75
1345	189
1346	28
1347	158
1348	139
1349	43
135	70
1350	112
1351	20
1352	158
1353	63
1354	684
1355	53
1356	461
1357	177
1358	231
1359	96
136	378
1360	103
1361	133
1362	219
1363	21
1364	55
1365	67
1366	143
1367	211
1368	44
1369	404
137	201
1370	148
1371	44
1372	53
1373	74
1374	103
1375	60
1376	94
1377	521
1378	58
1379	32
138	65
1380	253
1381	69
1382	36
1383	822
1384	22
1385	22
1386	82
1387	223
1388	53
1389	411
139	245
1390	309
1391	209
1392	243
1393	109
1394	27
1395	312
1396	186
1397	53
1398	38
1399	288
14	25
140	55
1400	58
1401	56
1402	49
1403	65
1404	332
1405	45
1406	20
1407	182
1408	136
1409	84
141	23
1410	78
1411	60
1412	24
1413	185
1414	74
1415	179
1416	22
1417	29
1418	286
1419	51
142	47
1420	279
1421	195
1422	728
1423	80
1424	44
1425	778
1426	382
1427	153
1428	52
1429	24
143	68
1430	116
1431	21
1432	35
1433	89
1434	279
1435	35
1436	66
1437	155
1438	44
1439	30
144	32
1440	136
1441	102
1442	160
1443	40
1444	29
1445	31
1446	97
1447	990
1448	1038
1449	1243
145	39
1450	109
1451	751
1452	20
1453	28
1454	22
1455	61
1456	22
1457	307
1458	97
1459	21
146	426
1460	28
1461	50
1462	38
1463	116
1464	108
1465	611
1466	252
1467	88
1468	102
1469	32
147	187
1470	710
1471	27
1472	233
1473	240
1474	130
1475	79
1476	70
1477	33
1478	32
1479	29
148	624
1480	43
1481	100
1482	61
1483	258
1484	314
1485	23
1486	48
1487	41
1488	21
1489	489
149	592
1490	180
1491	253
1492	107
1493	20
1494	98
1495	182
1496	597
1497	199
1498	116
1499	130
15	201
150	232
1500	115
1501	542
1502	273
1503	272
1504	42
1505	318
1506	105
1507	108
1508	29
1509	297
151	471
1510	33
1511	91
1512	34
1513	143
1514	127
1515	24
1516	292
1517	64
1518	25
1519	87
152	24
1520	23
1521	72
1522	78
1523	92
1524	253
1525	101
1526	32
1527	104
1528	69
1529	30
153	26
1530	404
1531	39
1532	126
1533	75
1534	21
1535	29
1536	36
1537	38
1538	93
1539	27
154	44
1540	118
1541	26
1542	293
1543	173
1544	165
1545	217
1546	342
1547	134
1548	48
1549	21
155	96
1550	29
1551	166
1552	255
1553	43
1554	31
1555	79
1556	345
1557	57
1558	26
1559	51
156	148
1560	164
1561	161
1562	38
1563	84
1564	124
1565	47
1566	24
1567	100
1568	28
1569	90
157	427
1570	66
1571	153
1572	45
1573	29
1574	52
1575	54
1576	48
1577	125
1578	31
1579	765
158	22
1580	37
1581	41
1582	22
1583	52
1584	461
1585	112
1586	415
1587	554
1588	47
1589	99
159	36
1590	40
1591	314
1592	306
1593	206
1594	147
1595	133
1596	23
1597	230
1598	184
1599	550
16	35
160	20
1600	394
1601	205
1602	120
1603	70
1604	24
1605	964
1606	206
1607	276
1608	144
1609	359
161	297
1610	28
1611	556
1612	23
1613	795
1614	61
1615	21
1616	254
1617	228
1618	91
1619	33
162	107
1620	36
1621	22
1622	26
1623	70
1624	350
1625	45
1626	271
1627	48
1628	451
1629	65
163	514
1630	117
1631	260
1632	768
1633	34
1634	106
1635	793
1636	170
1637	85
1638	39
1639	551
164	26
1640	161
1641	232
1642	74
1643	233
1644	48
1645	522
1646	62
1647	882
1648	149
1649	57
165	110
1650	213
1651	35
1652	27
1653	25
1654	47
1655	175
1656	25
1657	45
1658	398
1659	57
166	410
1660	62
1661	37
1662	25
1663	46
1664	20
1665	63
1666	397
1667	499
1668	29
1669	30
167	58
1670	56
1671	638
1672	39
1673	81
1674	22
1675	565
1676	865
1677	43
1678	122
1679	82
168	26
1680	1850
1681	121
1682	27
1683	175
1684	62
1685	430
1686	28
1687	393
1688	132
1689	128
169	552
1690	149
1691	50
1692	207
1693	310
1694	398
1695	196
1696	314
1697	354
1698	957
1699	348
17	211
170	87
1700	45
1701	552
1702	80
1703	26
1704	36
1705	85
1706	210
1707	88
1708	22
1709	210
171	24
1710	79
1711	29
1712	511
1713	21
1714	274
1715	46
1716	195
1717	424
1718	32
1719	26
172	23
1720	46
1721	115
1722	206
1723	146
1724	159
1725	36
1726	382
1727	514
1728	47
1729	58
173	561
1730	24
1731	68
1732	34
1733	839
1734	74
1735	77
1736	195
1737	775
1738	67
1739	78
174	97
1740	66
1741	660
1742	47
1743	95
1744	140
1745	70
1746	326
1747	108
1748	589
1749	562
175	317
1750	73
1751	21
1752	434
1753	284
1754	29
1755	368
1756	49
1757	385
1758	430
1759	254
176	78
1760	66
1761	113
1762	74
1763	26
1764	613
1765	106
1766	26
1767	306
1768	142
1769	73
177	44
1770	89
1771	24
1772	34
1773	61
1774	40
1775	155
1776	422
1777	55
1778	546
1779	149
178	115
1780	616
1781	106
1782	38
1783	21
1784	52
1785	54
1786	53
1787	28
1788	32
1789	58
179	110
1790	339
1791	145
1792	39
1793	287
1794	453
1795	25
1796	176
1797	175
1798	67
1799	91
18	305
180	59
1800	252
1801	21
1802	211
1803	284
1804	116
1805	174
1806	214
1807	202
1808	31
1809	56
181	301
1810	40
1811	30
1812	698
1813	22
1814	49
1815	39
1816	62
1817	123
1818	43
1819	116
182	83
1820	317
1821	27
1822	67
1823	28
1824	159
1825	151
1826	57
1827	49
1828	143
1829	30
183	101
1830	30
1831	111
1832	44
1833	100
1834	65
1835	770
1836	416
1837	782
1838	27
1839	87
184	84
1840	24
1841	227
1842	465
1843	119
1844	20
1845	220
1846	61
1847	41
1848	22
1849	24
185	51
1850	77
1851	504
1852	54
1853	157
1854	246
1855	83
1856	134
1857	41
1858	98
1859	46
186	122
1860	293
1861	460
1862	35
1863	104
1864	23
1865	334
1866	139
1867	54
1868	54
1869	48
187	417
1870	158
1871	117
1872	33
1873	198
1874	64
1875	338
1876	33
1877	147
1878	83
1879	263
188	71
1880	955
1881	57
1882	223
1883	435
1884	707
1885	57
1886	26
1887	125
1888	34
1889	624
189	31
1890	202
1891	279
1892	22
1893	28
1894	172
1895	86
1896	207
1897	657
1898	26
1899	756
19	255
190	153
1900	40
1901	150
1902	258
1903	197
1904	352
1905	47
1906	26
1907	24
1908	208
1909	57
191	30
1910	53
1911	31
1912	947
1913	44
1914	23
1915	38
1916	391
1917	97
1918	23
1919	55
192	525
1920	601
1921	85
1922	429
1923	58
1924	86
1925	305
1926	585
1927	22
1928	212
1929	27
193	242
1930	324
1931	86
1932	78
1933	30
1934	59
1935	58
1936	28
1937	295
1938	175
1939	221
194	59
1940	64
1941	1595
1942	59
1943	680
1944	68
1945	73
1946	78
1947	147
1948	174
1949	102
195	822
1950	137
1951	128
1952	251
1953	34
1954	151
1955	40
1956	65
1957	50
1958	852
1959	61
196	32
1960	215
1961	89
1962	533
1963	83
1964	22
1965	64
1966	44
1967	24
1968	444
1969	517
197	22
1970	52
1971	33
1972	83
1973	38
1974	518
1975	49
1976	123
1977	67
1978	154
1979	35
198	379
1980	1260
1981	67
1982	155
1983	546
1984	283
1985	160
1986	22
1987	47
1988	629
1989	27
199	402
1990	35
1991	24
1992	92
1993	20
1994	29
1995	86
1996	177
1997	40
1998	356
1999	87
2	129
20	24
200	26
2000	98
2001	49
2002	167
2003	61
2004	109
2005	90
2006	41
2007	40
2008	177
2009	54
201	87
2010	733
2011	247
2012	611
2013	80
2014	54
2015	903
2016	333
2017	119
2018	447
2019	34
202	670
2020	471
2021	149
2022	194
2023	286
2024	256
2025	119
2026	218
2027	105
2028	27
2029	227
203	127
2030	582
2031	225
2032	63
2033	56
2034	37
2035	171
2036	65
2037	20
2038	440
2039	121
204	446
2040	46
2041	556
2042	265
2043	91
2044	25
2045	25
2046	83
2047	289
2048	35
2049	35
205	153
2050	260
2051	229
2052	30
2053	25
2054	335
2055	138
2056	256
2057	65
2058	94
2059	253
206	30
2060	261
2061	20
2062	88
2063	1323
2064	247
2065	31
2066	29
2067	199
2068	125
2069	75
207	23
2070	104
2071	238
2072	205
2073	645
2074	36
2075	43
2076	83
2077	684
2078	102
2079	96
208	184
2080	32
2081	49
2082	71
2083	40
2084	155
2085	272
2086	30
2087	53
2088	441
2089	95
209	25
2090	229
2091	147
2092	729
2093	56
2094	71
2095	75
2096	121
2097	174
2098	373
2099	36
21	22
210	110
2100	308
2101	105
2102	530
2103	89
2104	53
2105	517
2106	900
2107	29
2108	22
2109	749
211	35
2110	221
2111	20
2112	50
2113	46
2114	150
2115	58
2116	971
2117	46
2118	87
2119	178
212	110
2120	164
2121	191
2122	208
2123	35
2124	628
2125	229
2126	90
2127	168
2128	20
2129	357
213	22
2130	67
2131	321
2132	69
2133	20
2134	59
2135	26
2136	160
2137	69
2138	60
2139	53
214	166
2140	206
2141	25
2142	77
2143	112
2144	101
2145	219
2146	102
2147	96
2148	255
2149	53
215	34
2150	34
2151	38
2152	23
2153	353
2154	45
2155	71
2156	315
2157	148
2158	113
2159	34
216	794
2160	20
2161	120
2162	182
2163	96
2164	471
2165	225
2166	213
2167	222
2168	365
2169	37
217	20
2170	126
2171	101
2172	451
2173	297
2174	178
2175	169
2176	179
2177	203
2178	174
2179	146
218	86
2180	409
2181	915
2182	24
2183	35
2184	30
2185	293
2186	292
2187	137
2188	405
2189	35
219	36
2190	130
2191	38
2192	121
2193	27
2194	107
2195	258
2196	36
2197	56
2198	67
2199	129
22	297
220	102
2200	76
2201	65
2202	71
2203	539
2204	33
2205	509
2206	156
2207	21
2208	265
2209	23
221	29
2210	29
2211	298
2212	100
2213	39
2214	81
2215	187
2216	52
2217	40
2218	34
2219	210
222	80
2220	29
2221	162
2222	219
2223	528
2224	38
2225	399
2226	52
2227	48
2228	61
2229	39
223	256
2230	233
2231	436
2232	318
2233	207
2234	21
2235	142
2236	95
2237	442
2238	88
2239	119
224	204
2240	99
2241	128
2242	332
2243	60
2244	429
2245	51
2246	172
2247	257
2248	107
2249	70
225	508
2250	67
2251	413
2252	23
2253	31
2254	84
2255	175
2256	68
2257	35
2258	358
2259	229
226	21
2260	25
2261	242
2262	133
2263	236
2264	300
2265	232
2266	101
2267	53
2268	23
2269	25
227	28
2270	103
2271	329
2272	127
2273	71
2274	40
2275	37
2276	108
2277	28
2278	67
2279	420
228	31
2280	76
2281	77
2282	188
2283	43
2284	52
2285	52
2286	45
2287	27
2288	535
2289	37
229	212
2290	165
2291	41
2292	20
2293	283
2294	62
2295	22
2296	28
2297	42
2298	120
2299	75
23	304
230	179
2300	52
2301	52
2302	199
2303	308
2304	873
2305	77
2306	71
2307	145
2308	63
2309	173
231	97
2310	101
2311	23
2312	35
2313	43
2314	35
2315	44
2316	153
2317	61
2318	69
2319	62
232	90
2320	100
2321	111
2322	66
2323	269
2324	89
2325	28
2326	56
2327	59
2328	41
2329	40
233	53
2330	120
2331	70
2332	46
2333	62
2334	333
2335	96
2336	21
2337	55
2338	187
2339	23
234	29
2340	399
2341	57
2342	77
2343	36
2344	188
2345	23
2346	69
2347	23
2348	206
2349	117
235	440
2350	116
2351	143
2352	119
2353	197
2354	65
2355	141
2356	24
2357	29
2358	35
2359	59
236	62
2360	37
2361	49
2362	49
2363	31
2364	29
2365	47
2366	41
2367	53
2368	232
2369	29
237	166
2370	76
2371	81
2372	71
2373	21
2374	159
2375	27
2376	494
2377	36
2378	261
2379	26
238	258
2380	406
2381	20
2382	61
2383	456
2384	31
2385	23
2386	71
2387	62
2388	22
2389	299
239	71
2390	76
2391	71
2392	43
2393	145
2394	71
2395	224
2396	36
2397	60
2398	116
2399	22
24	136
240	143
2400	53
2401	50
2402	529
2403	180
2404	95
2405	59
2406	100
2407	152
2408	69
2409	134
241	57
2410	114
2411	326
2412	30
2413	27
2414	232
2415	36
2416	47
2417	29
2418	57
2419	528
242	273
2420	47
2421	61
2422	21
2423	75
2424	147
2425	58
2426	36
2427	121
2428	83
2429	125
243	33
2430	42
2431	26
2432	35
2433	34
2434	24
2435	117
2436	427
2437	42
2438	200
2439	90
244	85
2440	23
2441	27
2442	29
2443	26
2444	105
2445	244
2446	421
2447	57
2448	73
2449	26
245	764
2450	27
2451	159
2452	52
2453	629
2454	301
2455	192
2456	366
2457	499
2458	165
2459	123
246	29
2460	51
2461	104
2462	254
2463	105
2464	35
2465	235
2466	203
2467	22
2468	125
2469	58
247	31
2470	23
2471	37
2472	290
2473	38
2474	32
2475	37
2476	61
2477	61
2478	287
2479	33
248	34
2480	45
2481	132
2482	38
2483	70
2484	547
2485	246
2486	154
2487	37
2488	20
2489	397
249	110
2490	22
2491	114
2492	89
2493	86
2494	38
2495	39
2496	511
2497	121
2498	154
2499	47
25	85
250	20
2500	140
2501	85
2502	21
2503	200
2504	301
2505	32
2506	251
2507	859
2508	60
2509	41
251	73
2510	43
2511	29
2512	31
2513	66
2514	31
2515	51
2516	22
2517	50
2518	42
2519	47
252	60
2520	48
2521	54
2522	74
2523	130
2524	26
2525	59
2526	263
2527	21
2528	62
2529	812
253	53
2530	20
2531	31
2532	31
2533	131
2534	38
2535	66
2536	57
2537	554
2538	25
2539	41
254	23
2540	223
2541	256
2542	25
2543	24
2544	729
2545	51
2546	118
2547	139
2548	43
2549	23
255	244
2550	94
2551	76
2552	80
2553	23
2554	42
2555	158
2556	47
2557	74
2558	48
2559	195
256	95
2560	40
2561	77
2562	171
2563	27
2564	120
2565	300
2566	264
2567	336
2568	33
2569	46
257	53
2570	80
2571	68
2572	151
2573	97
2574	33
2575	169
2576	276
2577	52
2578	35
2579	68
258	145
2580	74
2581	403
2582	22
2583	331
2584	20
2585	109
2586	49
2587	31
2588	41
2589	212
259	139
2590	357
2591	41
2592	442
2593	136
2594	94
2595	159
2596	41
2597	65
2598	27
2599	229
26	400
260	154
2600	91
2601	29
2602	29
2603	43
2604	68
2605	188
2606	50
2607	62
2608	228
2609	202
261	354
2610	46
2611	429
2612	43
2613	22
2614	30
2615	61
2616	50
2617	82
2618	25
2619	93
262	106
2620	156
2621	315
2622	37
2623	54
2624	306
2625	142
2626	22
2627	485
2628	203
2629	272
263	92
2630	54
2631	89
2632	41
2633	37
2634	278
2635	59
2636	63
2637	56
2638	521
2639	33
264	480
2640	21
2641	318
2642	71
2643	454
2644	21
2645	282
2646	23
2647	24
2648	107
2649	215
265	98
2650	49
2651	116
2652	41
2653	29
2654	100
2655	76
2656	132
2657	22
2658	31
2659	161
266	50
2660	47
2661	98
2662	42
2663	156
2664	367
2665	828
2666	94
2667	32
2668	218
2669	115
267	131
2670	282
2671	23
2672	54
2673	20
2674	119
2675	44
2676	229
2677	38
2678	42
2679	342
268	261
2680	214
2681	223
2682	110
2683	257
2684	219
2685	196
2686	21
2687	23
2688	135
2689	101
269	30
2690	23
2691	241
2692	134
2693	136
2694	72
2695	63
2696	20
2697	34
2698	43
2699	100
27	70
270	126
2700	294
2701	114
2702	41
2703	92
2704	48
2705	22
2706	25
2707	23
2708	37
2709	32
271	312
2710	30
2711	38
2712	68
2713	25
2714	20
2715	78
2716	24
2717	25
2718	117
2719	117
272	482
2720	38
2721	34
2722	23
2723	84
2724	205
2725	35
2726	84
2727	88
2728	67
2729	23
273	187
2730	157
2731	280
2732	45
2733	99
2734	121
2735	24
2736	101
2737	399
2738	105
2739	32
274	148
2740	145
2741	35
2742	108
2743	439
2744	138
2745	197
2746	57
2747	139
2748	326
2749	90
275	89
2750	200
2751	178
2752	378
2753	505
2754	100
2755	23
2756	239
2757	129
2758	29
2759	20
276	23
2760	68
2761	483
2762	47
2763	25
2764	354
2765	211
2766	102
2767	26
2768	80
2769	146
277	22
2770	47
2771	287
2772	178
2773	83
2774	277
2775	29
2776	350
2777	875
2778	106
2779	171
278	198
2780	40
2781	284
2782	60
2783	54
2784	158
2785	163
2786	298
2787	138
2788	124
2789	94
279	47
2790	122
2791	48
2792	191
2793	789
2794	143
2795	100
2796	404
2797	48
2798	77
2799	23
28	107
280	50
2800	91
2801	101
2802	80
2803	111
2804	171
2805	88
2806	79
2807	335
2808	139
2809	109
281	111
2810	401
2811	81
2812	121
2813	23
2814	170
2815	55
2816	22
2817	82
2818	293
2819	20
282	29
2820	894
2821	30
2822	62
2823	47
2824	248
2825	221
2826	264
2827	33
2828	58
2829	38
283	27
2830	85
2831	36
2832	157
2833	53
2834	22
2835	38
2836	22
2837	235
2838	39
2839	35
284	471
2840	350
2841	445
2842	89
2843	39
2844	108
2845	54
2846	102
2847	396
2848	220
2849	155
285	139
2850	43
2851	33
2852	135
2853	89
2854	414
2855	73
2856	52
2857	795
2858	73
2859	133
286	43
2860	508
2861	46
2862	86
2863	117
2864	52
2865	92
2866	205
2867	28
2868	191
2869	33
287	103
2870	143
2871	28
2872	423
2873	233
2874	103
2875	35
2876	190
2877	46
2878	695
2879	25
288	56
2880	273
2881	87
2882	123
2883	149
2884	20
2885	192
2886	87
2887	592
2888	376
2889	195
289	74
2890	141
2891	58
2892	93
2893	21
2894	113
2895	513
2896	320
2897	117
2898	109
2899	425
29	108
290	33
2900	298
2901	249
2902	22
2903	146
2904	51
2905	126
2906	55
2907	849
2908	21
2909	1258
291	102
2910	143
2911	63
2912	44
2913	330
2914	72
2915	72
2916	233
2917	70
2918	387
2919	156
292	41
2920	24
2921	127
2922	71
2923	21
2924	46
2925	25
2926	342
2927	62
2928	420
2929	362
293	317
2930	20
2931	224
2932	28
2933	124
2934	622
2935	144
2936	55
2937	104
2938	201
2939	148
294	49
2940	31
2941	359
2942	129
2943	124
2944	174
2945	68
2946	461
2947	136
2948	53
2949	48
295	191
2950	67
2951	65
2952	168
2953	90
2954	36
2955	191
2956	27
2957	64
2958	43
2959	73
296	97
2960	31
2961	44
2962	625
2963	39
2964	48
2965	27
2966	208
2967	527
2968	170
2969	174
297	89
2970	48
2971	36
2972	169
2973	62
2974	124
2975	100
2976	143
2977	21
2978	173
2979	44
298	27
2980	136
2981	30
2982	22
2983	55
2984	24
2985	184
2986	720
2987	54
2988	63
2989	105
299	104
2990	261
2991	58
2992	43
2993	83
2994	377
2995	341
2996	477
2997	167
2998	54
2999	135
3	51
30	43
300	249
3000	106
3001	309
3002	147
3003	79
3004	120
3005	111
3006	52
3007	239
3008	34
3009	26
301	357
3010	105
3011	92
3012	322
3013	467
3014	170
3015	42
3016	41
3017	362
3018	610
3019	27
302	788
3020	170
3021	20
3022	150
3023	62
3024	218
3025	148
3026	357
3027	23
3028	113
3029	761
303	209
3030	26
3031	500
3032	1019
3033	133
3034	28
3035	80
3036	116
3037	64
3038	118
3039	61
304	27
3040	24
3041	106
3042	73
3043	27
3044	304
3045	148
3046	77
3047	70
3048	70
3049	71
305	157
3050	64
3051	408
3052	81
3053	184
3054	526
3055	287
3056	263
3057	161
3058	145
3059	44
306	193
3060	37
3061	32
3062	64
3063	64
3064	44
3065	282
3066	90
3067	826
3068	21
3069	215
307	182
3070	39
3071	26
3072	210
3073	57
3074	142
3075	265
3076	22
3077	78
3078	32
3079	86
308	557
3080	551
3081	384
3082	370
3083	99
3084	78
3085	123
3086	113
3087	297
3088	50
3089	53
309	123
3090	62
3091	64
3092	53
3093	179
3094	41
3095	174
3096	197
3097	63
3098	92
3099	159
31	119
310	223
3100	55
3101	270
3102	34
3103	39
3104	29
3105	120
3106	68
3107	72
3108	484
3109	57
311	20
3110	300
3111	124
3112	213
3113	50
3114	105
3115	36
3116	85
3117	37
3118	570
3119	90
312	57
3120	37
3121	271
3122	27
3123	155
3124	26
3125	354
3126	81
3127	41
3128	317
3129	503
313	26
3130	67
3131	77
3132	28
3133	21
3134	101
3135	123
3136	40
3137	51
3138	212
3139	59
314	293
3140	323
3141	61
3142	94
3143	212
3144	35
3145	111
3146	62
3147	211
3148	102
3149	27
315	22
3150	77
3151	172
3152	31
3153	44
3154	189
3155	85
3156	64
3157	159
3158	296
3159	238
316	77
3160	25
3161	71
3162	82
3163	858
3164	30
3165	30
3166	40
3167	220
3168	30
3169	129
317	21
3170	73
3171	132
3172	108
3173	95
3174	87
3175	87
3176	21
3177	61
3178	212
3179	25
318	21
3180	490
3181	25
3182	626
3183	111
3184	105
3185	90
3186	37
3187	27
3188	21
3189	525
319	721
3190	36
3191	406
3192	150
3193	190
3194	34
3195	192
3196	305
3197	136
3198	105
3199	100
32	48
320	21
3200	159
3201	446
3202	143
3203	162
3204	48
3205	305
3206	100
3207	99
3208	384
3209	230
321	222
3210	149
3211	97
3212	26
3213	137
3214	36
3215	36
3216	324
3217	350
3218	62
3219	142
322	40
3220	72
3221	41
3222	20
3223	61
3224	1115
3225	21
3226	124
3227	342
3228	156
3229	196
323	118
3230	149
3231	153
3232	64
3233	161
3234	21
3235	37
3236	23
3237	78
3238	32
3239	74
324	76
3240	154
3241	55
3242	210
3243	229
3244	24
3245	79
3246	232
3247	29
3248	84
3249	65
325	43
3250	124
3251	56
3252	35
3253	167
3254	23
3255	45
3256	58
3257	81
3258	40
3259	395
326	379
3260	228
3261	539
3262	91
3263	113
3264	28
3265	508
3266	151
3267	98
3268	67
3269	83
327	236
3270	122
3271	336
3272	836
3273	20
3274	198
3275	21
3276	29
3277	150
3278	46
3279	105
328	62
3280	649
3281	190
3282	24
3283	246
3284	41
3285	627
3286	28
3287	24
3288	26
3289	75
329	764
3290	176
3291	20
3292	939
3293	45
3294	97
3295	74
3296	72
3297	126
3298	32
3299	302
33	391
330	76
3300	362
3301	310
3302	86
3303	25
3304	170
3305	104
3306	51
3307	26
3308	708
3309	271
331	584
3310	66
3311	920
3312	665
3313	473
3314	334
3315	182
3316	42
3317	110
3318	70
3319	123
332	67
3320	559
3321	84
3322	48
3323	126
3324	21
3325	26
3326	38
3327	358
3328	273
3329	138
333	227
3330	24
3331	140
3332	102
3333	192
3334	100
3335	27
3336	667
3337	81
3338	40
3339	83
334	61
3340	119
3341	151
3342	58
3343	49
3344	56
3345	141
3346	229
3347	45
3348	48
3349	143
335	148
3350	46
3351	29
3352	96
3353	235
3354	33
3355	33
3356	239
3357	69
3358	232
3359	86
336	107
3360	58
3361	161
3362	77
3363	242
3364	112
3365	345
3366	27
3367	355
3368	97
3369	32
337	198
3370	198
3371	483
3372	31
3373	32
3374	104
3375	27
3376	20
3377	168
3378	235
3379	39
338	362
3380	453
3381	29
3382	56
3383	51
3384	126
3385	36
3386	148
3387	137
3388	21
3389	572
339	124
3390	203
3391	1216
3392	30
3393	267
3394	326
3395	56
3396	23
3397	29
3398	55
3399	154
34	164
340	108
3400	218
3401	837
3402	330
3403	205
3404	26
3405	41
3406	41
3407	20
3408	116
3409	44
341	20
3410	731
3411	351
3412	293
3413	127
3414	297
3415	166
3416	470
3417	92
3418	211
3419	120
342	123
3420	220
3421	24
3422	383
3423	317
3424	71
3425	492
3426	120
3427	38
3428	183
3429	35
343	297
3430	406
3431	62
3432	116
3433	88
3434	174
3435	126
3436	204
3437	50
3438	80
3439	89
344	90
3440	27
3441	320
3442	186
3443	25
3444	110
3445	144
3446	36
3447	85
3448	26
3449	64
345	25
3450	189
3451	62
3452	85
3453	299
3454	362
3455	23
3456	55
3457	160
3458	164
3459	29
346	283
3460	84
3461	37
3462	559
3463	37
3464	371
3465	59
3466	37
3467	59
3468	66
3469	459
347	99
3470	84
3471	824
3472	50
3473	159
3474	200
3475	622
3476	705
3477	138
3478	74
3479	90
348	100
3480	47
3481	140
3482	71
3483	661
3484	206
3485	48
3486	97
3487	318
3488	21
3489	105
349	268
3490	244
3491	727
3492	63
3493	163
3494	35
3495	21
3496	25
3497	92
3498	117
3499	437
35	198
350	64
3500	62
3501	197
3502	33
3503	490
3504	214
3505	100
3506	68
3507	923
3508	36
3509	404
351	103
3510	67
3511	206
3512	409
3513	311
3514	76
3515	100
3516	157
3517	122
3518	502
3519	666
352	870
3520	289
3521	387
3522	62
3523	39
3524	153
3525	90
3526	962
3527	39
3528	112
3529	227
353	24
3530	20
3531	77
3532	114
3533	92
3534	55
3535	29
3536	165
3537	57
3538	163
3539	1078
354	58
3540	208
3541	35
3542	22
3543	104
3544	29
3545	28
3546	410
3547	362
3548	26
3549	37
355	419
3550	357
3551	87
3552	20
3553	47
3554	33
3555	129
3556	112
3557	392
3558	300
3559	74
356	21
3560	137
3561	259
3562	683
3563	211
3564	152
3565	140
3566	31
3567	69
3568	102
3569	437
357	58
3570	22
3571	104
3572	111
3573	36
3574	179
3575	38
3576	541
3577	78
3578	271
3579	269
358	72
3580	72
3581	34
3582	97
3583	30
3584	67
3585	262
3586	163
3587	43
3588	225
3589	688
359	49
3590	462
3591	202
3592	357
3593	64
3594	157
3595	31
3596	128
3597	76
3598	65
3599	176
36	351
360	67
3600	371
3601	158
3602	86
3603	328
3604	27
3605	115
3606	35
3607	260
3608	102
3609	145
361	26
3610	696
3611	205
3612	215
3613	70
3614	157
3615	174
3616	21
3617	47
3618	1344
3619	101
362	55
3620	431
3621	379
3622	159
3623	22
3624	354
3625	202
3626	855
3627	36
3628	31
3629	62
363	43
3630	181
3631	40
3632	29
3633	20
3634	23
3635	163
3636	23
3637	66
3638	125
3639	86
364	28
3640	73
3641	485
3642	21
3643	220
3644	41
3645	69
3646	93
3647	33
3648	627
3649	51
365	47
3650	785
3651	251
3652	289
3653	111
3654	282
3655	32
3656	79
3657	38
3658	266
3659	96
366	259
3660	58
3661	125
3662	88
3663	91
3664	134
3665	216
3666	42
3667	55
3668	38
3669	436
367	28
3670	68
3671	104
3672	203
3673	212
3674	91
3675	849
3676	101
3677	141
3678	139
3679	384
368	320
3680	56
3681	668
3682	91
3683	589
3684	139
3685	307
3686	75
3687	191
3688	304
3689	226
369	87
3690	401
3691	302
3692	71
3693	596
3694	53
3695	302
3696	150
3697	136
3698	115
3699	61
37	53
370	60
3700	66
3701	84
3702	47
3703	50
3704	219
3705	792
3706	78
3707	51
3708	35
3709	331
371	78
3710	69
3711	88
3712	140
3713	408
3714	40
3715	316
3716	392
3717	299
3718	269
3719	36
372	168
3720	207
3721	129
3722	31
3723	39
3724	583
3725	26
3726	340
3727	460
3728	64
3729	443
373	27
3730	29
3731	125
3732	208
3733	119
3734	50
3735	301
3736	125
3737	150
3738	32
3739	22
374	52
3740	47
3741	134
3742	125
3743	32
3744	36
3745	202
3746	348
3747	64
3748	32
3749	118
375	51
3750	39
3751	407
3752	185
3753	49
3754	304
3755	72
3756	414
3757	201
3758	50
3759	103
376	117
3760	316
3761	171
3762	413
3763	140
3764	27
3765	27
3766	124
3767	41
3768	710
3769	410
377	136
3770	266
3771	469
3772	48
3773	361
3774	56
3775	93
3776	42
3777	116
3778	941
3779	56
378	39
3780	300
3781	62
3782	65
3783	24
3784	41
3785	35
3786	63
3787	20
3788	24
3789	151
379	64
3790	125
3791	126
3792	821
3793	133
3794	44
3795	29
3796	202
3797	27
3798	30
3799	128
38	100
380	138
3800	71
3801	140
3802	22
3803	22
3804	187
3805	37
3806	167
3807	478
3808	1158
3809	47
381	35
3810	67
3811	105
3812	114
3813	67
3814	36
3815	120
3816	318
3817	53
3818	47
3819	118
382	56
3820	45
3821	729
3822	184
3823	633
3824	1018
3825	491
3826	28
3827	186
3828	42
3829	822
383	21
3830	136
3831	122
3832	108
3833	312
3834	562
3835	91
3836	510
3837	196
3838	24
3839	88
384	22
3840	68
3841	1216
3842	669
3843	66
3844	134
3845	74
3846	70
3847	429
3848	78
3849	67
385	137
3850	384
3851	86
3852	57
3853	314
3854	82
3855	101
3856	47
3857	54
3858	162
3859	309
386	260
3860	171
3861	41
3862	33
3863	25
3864	202
3865	57
3866	85
3867	42
3868	275
3869	50
387	68
3870	26
3871	114
3872	48
3873	77
3874	115
3875	39
3876	44
3877	22
3878	484
3879	46
388	59
3880	57
3881	81
3882	203
3883	20
3884	651
3885	590
3886	91
3887	319
3888	151
3889	133
389	73
3890	71
3891	100
3892	477
3893	50
3894	159
3895	71
3896	148
3897	21
3898	101
3899	52
39	62
390	214
3900	409
3901	75
3902	165
3903	168
3904	103
3905	81
3906	64
3907	52
3908	160
3909	78
391	81
3910	261
3911	25
3912	101
3913	167
3914	113
3915	23
3916	530
3917	98
3918	26
3919	69
392	487
3920	60
3921	72
3922	178
3923	103
3924	77
3925	108
3926	65
3927	156
3928	28
3929	612
393	74
3930	194
3931	233
3932	32
3933	24
3934	703
3935	168
3936	34
3937	73
3938	94
3939	24
394	38
3940	492
3941	50
3942	606
3943	65
3944	50
3945	531
3946	264
3947	102
3948	102
3949	74
395	23
3950	70
3951	196
3952	58
3953	234
3954	43
3955	152
3956	33
3957	351
3958	164
3959	25
396	173
3960	28
3961	230
3962	70
3963	457
3964	64
3965	290
3966	53
3967	446
3968	85
3969	20
397	34
3970	253
3971	368
3972	25
3973	91
3974	123
3975	92
3976	299
3977	30
3978	132
3979	97
398	225
3980	40
3981	217
3982	82
3983	130
3984	65
3985	331
3986	50
3987	46
3988	204
3989	226
399	32
3990	85
3991	47
3992	449
3993	351
3994	187
3995	163
3996	112
3997	315
3998	324
3999	742
4	21
40	96
400	40
4000	65
4001	434
4002	59
4003	42
4004	128
4005	240
4006	210
4007	544
4008	24
4009	309
401	78
4010	24
4011	51
4012	47
4013	224
4014	225
4015	104
4016	678
4017	39
4018	145
4019	25
402	284
4020	84
4021	765
4022	416
4023	87
4024	252
4025	28
4026	300
4027	51
4028	537
4029	77
403	280
4030	124
4031	51
4032	153
4033	662
4034	108
4035	57
4036	126
4037	53
4038	23
4039	53
404	50
4040	186
4041	844
4042	446
4043	133
4044	62
4045	44
4046	37
4047	45
4048	729
4049	375
405	49
4050	168
4051	100
4052	34
4053	500
4054	616
4055	407
4056	22
4057	38
4058	503
4059	45
406	147
4060	256
4061	38
4062	322
4063	59
4064	1009
4065	21
4066	95
4067	80
4068	20
4069	31
407	32
4070	135
4071	111
4072	254
4073	24
4074	26
4075	54
4076	48
4077	227
4078	266
4079	433
408	156
4080	83
4081	51
4082	123
4083	766
4084	168
4085	829
4086	318
4087	60
4088	403
4089	702
409	297
4090	203
4091	104
4092	72
4093	157
4094	270
4095	62
4096	239
4097	30
4098	114
4099	129
41	25
410	96
4100	28
4101	95
4102	89
4103	146
4104	154
4105	64
4106	28
4107	350
4108	32
4109	25
411	635
4110	21
4111	53
4112	324
4113	33
4114	200
4115	517
4116	363
4117	204
4118	207
4119	54
412	476
4120	48
4121	127
4122	315
4123	106
4124	310
4125	45
4126	358
4127	89
4128	50
4129	29
413	99
4130	172
4131	123
4132	132
4133	118
4134	118
4135	66
4136	39
4137	85
4138	64
4139	351
414	57
4140	735
4141	226
4142	24
4143	24
4144	140
4145	25
4146	25
4147	61
4148	94
4149	52
415	271
4150	403
4151	36
4152	158
4153	169
4154	23
4155	62
4156	392
4157	56
4158	23
4159	22
416	62
4160	120
4161	459
4162	126
4163	26
4164	36
4165	51
4166	24
4167	465
4168	100
4169	2314
417	22
4170	83
4171	147
4172	70
4173	56
4174	40
4175	92
4176	22
4177	152
4178	20
4179	161
418	51
4180	82
4181	129
4182	46
4183	366
4184	26
4185	52
4186	640
4187	67
4188	44
4189	33
419	108
4190	99
4191	26
4192	20
4193	261
4194	174
4195	101
4196	29
4197	23
4198	50
4199	47
42	231
420	64
4200	49
4201	24
4202	23
4203	145
4204	240
4205	46
4206	47
4207	247
4208	48
4209	23
421	20
4210	131
4211	24
4212	155
4213	395
4214	39
4215	289
4216	27
4217	385
4218	101
4219	111
422	47
4220	248
4221	89
4222	122
4223	163
4224	337
4225	129
4226	37
4227	1222
4228	23
4229	63
423	64
4230	21
4231	50
4232	52
4233	134
4234	159
4235	126
4236	51
4237	123
4238	819
4239	68
424	1226
4240	66
4241	98
4242	131
4243	142
4244	20
4245	92
4246	36
4247	76
4248	85
4249	103
425	189
4250	327
4251	97
4252	105
4253	338
4254	24
4255	41
4256	27
4257	139
4258	400
4259	21
426	239
4260	324
4261	277
4262	38
4263	38
4264	21
4265	209
4266	69
4267	37
4268	310
4269	227
427	27
4270	24
4271	526
4272	113
4273	33
4274	153
4275	31
4276	82
4277	1743
4278	36
4279	490
428	50
4280	88
4281	204
4282	29
4283	61
4284	156
4285	516
4286	200
4287	293
4288	27
4289	154
429	346
4290	57
4291	211
4292	96
4293	42
4294	157
4295	40
4296	62
4297	47
4298	285
4299	100
43	24
430	63
4300	40
4301	41
4302	246
4303	374
4304	25
4305	686
4306	91
4307	34
4308	104
4309	132
431	84
4310	297
4311	94
4312	883
4313	96
4314	33
4315	155
4316	39
4317	51
4318	480
4319	51
432	73
4320	81
4321	57
4322	395
4323	137
4324	33
4325	24
4326	127
4327	162
4328	303
4329	172
433	46
4330	41
4331	36
4332	20
4333	170
4334	157
4335	484
4336	122
4337	259
4338	32
4339	66
434	43
4340	25
4341	33
4342	229
4343	215
4344	1271
4345	592
4346	74
4347	138
4348	24
4349	27
435	132
4350	71
4351	169
4352	472
4353	132
4354	635
4355	51
4356	256
4357	43
4358	31
4359	81
436	133
4360	248
4361	132
4362	260
4363	192
4364	199
4365	20
4366	35
4367	119
4368	131
4369	44
437	52
4370	60
4371	141
4372	25
4373	303
4374	127
4375	325
4376	58
4377	187
4378	124
4379	384
438	602
4380	151
4381	443
4382	104
4383	20
4384	290
4385	27
4386	873
4387	743
4388	459
4389	125
439	92
4390	278
4391	37
4392	25
4393	20
4394	33
4395	30
4396	25
4397	67
4398	20
4399	34
44	193
440	29
4400	26
4401	201
4402	31
4403	87
4404	372
4405	45
4406	322
4407	231
4408	543
4409	109
441	47
4410	27
4411	610
4412	102
4413	23
4414	182
4415	138
4416	165
4417	110
4418	318
4419	20
442	423
4420	50
4421	24
4422	449
4423	42
4424	33
4425	934
4426	75
4427	23
4428	70
4429	45
443	34
4430	295
4431	44
4432	68
4433	165
4434	48
4435	53
4436	227
4437	241
4438	170
4439	41
444	120
4440	85
4441	30
4442	52
4443	80
4444	80
4445	125
4446	422
4447	982
4448	1014
4449	194
445	286
4450	81
4451	277
4452	195
4453	55
4454	160
4455	50
4456	163
4457	212
4458	411
4459	187
446	51
4460	145
4461	156
4462	34
4463	20
4464	21
4465	86
4466	122
4467	180
4468	85
4469	33
447	37
4470	305
4471	173
4472	493
4473	423
4474	36
4475	45
4476	203
4477	146
4478	446
4479	59
448	23
4480	467
4481	62
4482	782
4483	188
4484	272
4485	143
4486	51
4487	60
4488	346
4489	424
449	54
4490	382
4491	185
4492	23
4493	50
4494	74
4495	36
4496	186
4497	500
4498	154
4499	98
45	297
450	51
4500	28
4501	72
4502	324
4503	38
4504	25
4505	279
4506	536
4507	232
4508	1211
4509	210
451	209
4510	1240
4511	147
4512	159
4513	35
4514	147
4515	22
4516	55
4517	413
4518	84
4519	42
452	132
4520	285
4521	229
4522	189
4523	394
4524	289
4525	20
4526	170
4527	20
4528	62
4529	47
453	394
4530	56
4531	243
4532	129
4533	57
4534	77
4535	368
4536	34
4537	25
4538	40
4539	119
454	266
4540	69
4541	148
4542	28
4543	1050
4544	48
4545	30
4546	50
4547	20
4548	21
4549	25
455	25
4550	28
4551	82
4552	115
4553	55
4554	21
4555	89
4556	221
4557	86
4558	21
4559	43
456	157
4560	294
4561	110
4562	302
4563	40
4564	26
4565	36
4566	154
4567	88
4568	305
4569	86
457	237
4570	38
4571	102
4572	145
4573	154
4574	50
4575	125
4576	24
4577	172
4578	560
4579	689
458	43
4580	137
4581	83
4582	46
4583	27
4584	62
4585	321
4586	52
4587	44
4588	47
4589	108
459	32
4590	50
4591	480
4592	224
4593	300
4594	36
4595	76
4596	206
4597	22
4598	106
4599	47
46	41
460	47
4600	260
4601	129
4602	76
4603	37
4604	76
4605	203
4606	106
4607	504
4608	76
4609	264
461	512
4610	160
4611	370
4612	40
4613	82
4614	21
4615	148
4616	34
4617	73
4618	76
4619	153
462	177
4620	132
4621	189
4622	23
4623	38
4624	61
4625	81
4626	386
4627	103
4628	20
4629	32
463	123
4630	29
4631	129
4632	56
4633	81
4634	102
4635	314
4636	25
4637	378
4638	37
4639	52
464	82
4640	152
4641	40
4642	33
4643	201
4644	143
4645	126
4646	39
4647	893
4648	37
4649	33
465	37
4650	144
4651	42
4652	50
4653	404
4654	80
4655	342
4656	219
4657	32
4658	556
4659	204
466	199
4660	41
4661	204
4662	175
4663	393
4664	38
4665	22
4666	354
4667	37
4668	32
4669	45
467	69
4670	103
4671	167
4672	23
4673	528
4674	95
4675	333
4676	33
4677	22
4678	86
4679	62
468	26
4680	322
4681	162
4682	784
4683	66
4684	64
4685	169
4686	91
4687	116
4688	132
4689	72
469	49
4690	74
4691	76
4692	33
4693	49
4694	70
4695	30
4696	27
4697	148
4698	27
4699	169
47	22
470	68
4700	162
4701	63
4702	44
4703	23
4704	328
4705	224
4706	108
4707	41
4708	406
4709	56
471	105
4710	35
4711	124
4712	37
4713	66
4714	62
4715	509
4716	68
4717	81
4718	138
4719	32
472	45
4720	47
4721	71
4722	31
4723	33
4724	33
4725	1006
4726	283
4727	55
4728	698
4729	235
473	49
4730	27
4731	55
4732	685
4733	104
4734	171
4735	106
4736	318
4737	109
4738	195
4739	107
474	318
4740	51
4741	22
4742	249
4743	30
4744	66
4745	103
4746	96
4747	240
4748	363
4749	20
475	247
4750	254
4751	29
4752	24
4753	63
4754	248
4755	25
4756	27
4757	97
4758	25
4759	49
476	431
4760	57
4761	39
4762	73
4763	57
4764	40
4765	267
4766	42
4767	47
4768	72
4769	65
477	211
4770	33
4771	513
4772	100
4773	103
4774	194
4775	20
4776	25
4777	37
4778	36
4779	213
478	46
4780	110
4781	43
4782	117
4783	55
4784	409
4785	271
4786	390
4787	30
4788	303
4789	270
479	93
4790	378
4791	250
4792	25
4793	173
4794	102
4795	116
4796	341
4797	57
4798	119
4799	58
48	598
480	107
4800	253
4801	196
4802	640
4803	37
4804	47
4805	35
4806	159
4807	92
4808	939
4809	178
481	198
4810	197
4811	42
4812	127
4813	104
4814	165
4815	222
4816	372
4817	92
4818	50
4819	546
482	825
4820	36
4821	234
4822	28
4823	470
4824	227
4825	49
4826	163
4827	72
4828	100
4829	323
483	29
4830	114
4831	237
4832	131
4833	81
4834	280
4835	83
4836	65
4837	328
4838	39
4839	23
484	34
4840	72
4841	92
4842	69
4843	116
4844	29
4845	153
4846	30
4847	72
4848	54
4849	157
485	45
4850	37
4851	24
4852	243
4853	38
4854	164
4855	219
4856	79
4857	61
4858	113
4859	43
486	39
4860	48
4861	197
4862	94
4863	31
4864	33
4865	246
4866	75
4867	622
4868	179
4869	285
487	50
4870	116
4871	21
4872	41
4873	28
4874	31
4875	100
4876	36
4877	95
4878	43
4879	467
488	25
4880	21
4881	22
4882	203
4883	50
4884	388
4885	30
4886	102
4887	420
4888	299
4889	262
489	24
4890	171
4891	28
4892	120
4893	90
4894	41
4895	68
4896	41
4897	400
4898	239
4899	245
49	108
490	77
4900	23
4901	191
4902	135
4903	55
4904	404
4905	100
4906	241
4907	184
4908	114
4909	138
491	25
4910	50
4911	81
4912	22
4913	45
4914	52
4915	107
4916	170
4917	238
4918	301
4919	37
492	32
4920	50
4921	207
4922	191
4923	32
4924	41
4925	42
4926	23
4927	126
4928	329
4929	42
493	158
4930	96
4931	80
4932	332
4933	302
4934	179
4935	22
4936	40
4937	214
4938	37
4939	174
494	191
4940	284
4941	34
4942	276
4943	21
4944	22
4945	144
4946	257
4947	100
4948	507
4949	38
495	44
4950	474
4951	312
4952	100
4953	217
4954	122
4955	28
4956	253
4957	744
4958	451
4959	188
496	119
4960	75
4961	177
4962	217
4963	114
4964	403
4965	144
4966	48
4967	104
4968	28
4969	29
497	24
4970	29
4971	28
4972	329
4973	149
4974	28
4975	175
4976	58
4977	183
4978	72
4979	882
498	172
4980	213
4981	307
4982	37
4983	143
4984	205
4985	152
4986	27
4987	52
4988	26
4989	77
499	199
4990	61
4991	20
4992	21
4993	47
4994	135
4995	356
4996	28
4997	56
4998	79
4999	68
5	198
50	43
500	101
5000	401
5001	225
5002	265
5003	33
5004	41
5005	429
5006	45
5007	23
5008	209
5009	63
501	67
5010	52
5011	559
5012	20
5013	70
5014	144
5015	644
5016	96
5017	39
5018	247
5019	177
502	24
5020	109
5021	185
5022	35
5023	120
5024	77
5025	125
5026	874
5027	20
5028	23
5029	160
503	29
5030	28
5031	61
5032	103
5033	48
5034	141
5035	249
5036	48
5037	105
5038	210
5039	360
504	108
5040	111
5041	114
5042	368
5043	25
5044	137
5045	34
5046	868
5047	319
5048	89
5049	192
505	115
5050	85
5051	30
5052	21
5053	231
5054	715
5055	42
5056	194
5057	74
5058	47
5059	136
506	90
5060	81
5061	211
5062	24
5063	113
5064	99
5065	265
5066	33
5067	35
5068	55
5069	25
507	42
5070	488
5071	81
5072	59
5073	25
5074	761
5075	58
5076	109
5077	424
5078	60
5079	63
508	149
5080	69
5081	101
5082	232
5083	285
5084	266
5085	221
5086	161
5087	296
5088	31
5089	33
509	723
5090	420
5091	304
5092	71
5093	49
5094	59
5095	43
5096	268
5097	133
5098	197
5099	203
51	40
510	99
5100	853
5101	49
5102	144
5103	305
5104	54
5105	98
5106	74
5107	606
5108	371
5109	131
511	27
5110	25
5111	800
5112	317
5113	546
5114	149
5115	40
5116	21
5117	21
5118	120
5119	24
512	37
5120	193
5121	162
5122	23
5123	102
5124	268
5125	34
5126	142
5127	51
5128	95
5129	110
513	156
5130	28
5131	394
5132	58
5133	65
5134	95
5135	77
5136	214
5137	116
5138	162
5139	126
514	79
5140	373
5141	43
5142	327
5143	119
5144	32
5145	20
5146	30
5147	37
5148	103
5149	30
515	162
5150	36
5151	159
5152	27
5153	460
5154	33
5155	26
5156	320
5157	90
5158	204
5159	20
516	294
5160	29
5161	315
5162	36
5163	501
5164	75
5165	99
5166	116
5167	150
5168	20
5169	119
517	166
5170	74
5171	28
5172	456
5173	138
5174	21
5175	33
5176	46
5177	100
5178	272
5179	39
518	253
5180	117
5181	52
5182	304
5183	101
5184	301
5185	281
5186	73
5187	118
5188	89
5189	42
519	45
5190	43
5191	36
5192	22
5193	204
5194	69
5195	67
5196	80
5197	124
5198	283
5199	35
52	79
520	314
5200	62
5201	109
5202	32
5203	36
5204	47
5205	356
5206	29
5207	22
5208	120
5209	134
521	41
5210	65
5211	103
5212	40
5213	35
5214	31
5215	20
5216	20
5217	132
5218	44
5219	124
522	58
5220	720
5221	30
5222	307
5223	204
5224	33
5225	212
5226	83
5227	157
5228	24
5229	69
523	100
5230	130
5231	28
5232	131
5233	112
5234	212
5235	35
5236	128
5237	55
5238	22
5239	285
524	1016
5240	35
5241	94
5242	113
5243	26
5244	35
5245	30
5246	130
5247	31
5248	101
5249	338
525	40
5250	289
5251	168
5252	65
5253	148
5254	81
5255	149
5256	825
5257	97
5258	20
5259	34
526	58
5260	209
5261	103
5262	64
5263	126
5264	159
5265	283
5266	29
5267	95
5268	484
5269	324
527	25
5270	102
5271	427
5272	106
5273	304
5274	25
5275	95
5276	77
5277	308
5278	181
5279	51
528	580
5280	26
5281	260
5282	300
5283	291
5284	73
5285	45
5286	182
5287	212
5288	43
5289	470
529	122
5290	37
5291	66
5292	31
5293	75
5294	156
5295	22
5296	70
5297	30
5298	59
5299	56
53	684
530	105
5300	282
5301	139
5302	238
5303	45
5304	35
5305	270
5306	630
5307	57
5308	40
5309	20
531	867
5310	97
5311	46
5312	720
5313	88
5314	20
5315	35
5316	39
5317	543
5318	99
5319	388
532	43
5320	23
5321	288
5322	102
5323	246
5324	173
5325	48
5326	128
5327	163
5328	53
5329	544
533	591
5330	62
5331	80
5332	73
5333	839
5334	55
5335	158
5336	47
5337	177
5338	104
5339	108
534	103
5340	214
5341	126
5342	112
5343	36
5344	197
5345	333
5346	54
5347	263
5348	50
5349	241
535	21
5350	219
5351	26
5352	206
5353	118
5354	46
5355	181
5356	41
5357	48
5358	25
5359	510
536	210
5360	38
5361	187
5362	92
5363	61
5364	354
5365	300
5366	125
5367	1169
5368	98
5369	245
537	98
5370	27
5371	324
5372	36
5373	32
5374	48
5375	29
5376	256
5377	43
5378	181
5379	37
538	48
5380	20
5381	24
5382	67
5383	28
5384	46
5385	46
5386	161
5387	731
5388	24
5389	154
539	132
5390	219
5391	23
5392	22
5393	210
5394	849
5395	121
5396	81
5397	388
5398	28
5399	60
54	40
540	39
5400	24
5401	146
5402	92
5403	162
5404	210
5405	116
5406	122
5407	27
5408	102
5409	21
541	190
5410	46
5411	24
5412	278
5413	220
5414	79
5415	55
5416	48
5417	45
5418	250
5419	89
542	34
5420	175
5421	80
5422	175
5423	98
5424	135
5425	46
5426	296
5427	81
5428	388
5429	128
543	671
5430	140
5431	88
5432	183
5433	725
5434	244
5435	46
5436	33
5437	156
5438	91
5439	22
544	81
5440	35
5441	196
5442	64
5443	399
5444	39
5445	149
5446	126
5447	131
5448	351
5449	111
545	29
5450	321
5451	94
5452	284
5453	247
5454	64
5455	135
5456	42
5457	173
5458	392
5459	178
546	220
5460	85
5461	48
5462	36
5463	280
5464	113
5465	22
5466	228
5467	27
5468	385
5469	115
547	78
5470	104
5471	25
5472	317
5473	120
5474	47
5475	377
5476	34
5477	25
5478	34
5479	105
548	118
5480	150
5481	54
5482	375
5483	221
5484	79
5485	114
5486	43
5487	47
5488	253
5489	70
549	1152
5490	124
5491	204
5492	380
5493	573
5494	80
5495	31
5496	84
5497	145
5498	59
5499	69
55	25
550	967
5500	59
5501	561
5502	120
5503	45
5504	587
5505	92
5506	57
5507	44
5508	75
5509	103
551	228
5510	62
5511	724
5512	241
5513	66
5514	40
5515	45
5516	137
5517	312
5518	113
5519	340
552	97
5520	166
5521	52
5522	520
5523	376
5524	166
5525	20
5526	284
5527	29
5528	75
5529	21
553	64
5530	652
5531	148
5532	102
5533	20
5534	65
5535	187
5536	634
5537	64
5538	174
5539	480
554	43
5540	78
5541	27
5542	71
5543	341
5544	47
5545	152
5546	34
5547	152
5548	168
5549	33
555	38
5550	633
5551	64
5552	54
5553	263
5554	104
5555	548
5556	278
5557	190
5558	247
5559	39
556	232
5560	82
5561	219
5562	75
5563	38
5564	45
5565	184
5566	127
5567	403
5568	341
5569	242
557	58
5570	302
5571	113
5572	70
5573	172
5574	178
5575	272
5576	290
5577	29
5578	84
5579	24
558	291
5580	413
5581	37
5582	136
5583	120
5584	76
5585	245
5586	28
5587	55
5588	37
5589	36
559	21
5590	33
5591	46
5592	127
5593	160
5594	130
5595	206
5596	189
5597	208
5598	144
5599	231
56	67
560	137
5600	266
5601	97
5602	76
5603	183
5604	254
5605	736
5606	24
5607	148
5608	24
5609	40
561	36
5610	40
5611	31
5612	36
5613	86
5614	837
5615	302
5616	130
5617	74
5618	98
5619	92
562	37
5620	219
5621	477
5622	86
5623	264
5624	119
5625	152
5626	173
5627	815
5628	23
5629	101
563	346
5630	263
5631	79
5632	60
5633	39
5634	300
5635	24
5636	848
5637	46
5638	102
5639	43
564	50
5640	34
5641	132
5642	50
5643	1047
5644	73
5645	270
5646	104
5647	152
5648	117
5649	200
565	25
5650	314
5651	39
5652	106
5653	228
5654	298
5655	117
5656	28
5657	198
5658	125
5659	209
566	534
5660	34
5661	125
5662	73
5663	268
5664	287
5665	46
5666	32
5667	328
5668	89
5669	48
567	72
5670	72
5671	109
5672	28
5673	68
5674	41
5675	586
5676	146
5677	246
5678	138
5679	182
568	25
5680	159
5681	33
5682	608
5683	122
5684	489
5685	40
5686	530
5687	85
5688	100
5689	488
569	125
5690	24
5691	130
5692	61
5693	46
5694	25
5695	31
5696	24
5697	26
5698	315
5699	299
57	64
570	237
5700	38
5701	119
5702	117
5703	74
5704	93
5705	173
5706	165
5707	100
5708	100
5709	124
571	146
5710	77
5711	60
5712	83
5713	31
5714	99
5715	84
5716	212
5717	384
5718	193
5719	26
572	20
5720	354
5721	48
5722	367
5723	202
5724	97
5725	20
5726	148
5727	51
5728	323
5729	62
573	36
5730	91
5731	60
5732	42
5733	200
5734	208
5735	23
5736	105
5737	85
5738	526
5739	51
574	21
5740	76
5741	47
5742	47
5743	30
5744	440
5745	72
5746	82
5747	564
5748	54
5749	407
575	163
5750	119
5751	90
5752	155
5753	83
5754	353
5755	515
5756	38
5757	116
5758	147
5759	576
576	57
5760	32
5761	223
5762	288
5763	677
5764	55
5765	229
5766	94
5767	349
5768	74
5769	154
577	158
5770	139
5771	266
5772	22
5773	30
5774	55
5775	195
5776	183
5777	125
5778	66
5779	394
578	28
5780	259
5781	27
5782	114
5783	39
5784	27
5785	130
5786	331
5787	442
5788	825
5789	46
579	69
5790	93
5791	101
5792	269
5793	30
5794	294
5795	1277
5796	24
5797	122
5798	117
5799	36
58	437
580	46
5800	23
5801	172
5802	40
5803	66
5804	21
5805	151
5806	221
5807	55
5808	67
5809	248
581	48
5810	21
5811	308
5812	893
5813	87
5814	29
5815	78
5816	32
5817	26
5818	32
5819	30
582	78
5820	48
5821	63
5822	75
5823	105
5824	550
5825	118
5826	237
5827	109
5828	20
5829	73
583	174
5830	52
5831	1220
5832	78
5833	88
5834	30
5835	31
5836	50
5837	534
5838	223
5839	31
584	38
5840	235
5841	334
5842	52
5843	221
5844	86
5845	225
5846	62
5847	356
5848	409
5849	45
585	148
5850	58
5851	162
5852	332
5853	153
5854	410
5855	51
5856	64
5857	200
5858	200
5859	35
586	35
5860	79
5861	187
5862	200
5863	21
5864	39
5865	103
5866	32
5867	32
5868	67
5869	76
587	385
5870	39
5871	100
5872	263
5873	33
5874	299
5875	138
5876	23
5877	22
5878	601
5879	55
588	453
5880	748
5881	280
5882	40
5883	26
5884	78
5885	121
5886	491
5887	82
5888	617
5889	130
589	27
5890	329
5891	78
5892	114
5893	148
5894	115
5895	58
5896	208
5897	53
5898	29
5899	21
59	213
590	166
5900	125
5901	30
5902	87
5903	77
5904	20
5905	152
5906	124
5907	48
5908	206
5909	29
591	242
5910	130
5911	171
5912	125
5913	77
5914	35
5915	286
5916	704
5917	230
5918	23
5919	32
592	23
5920	143
5921	46
5922	231
5923	35
5924	154
5925	197
5926	63
5927	216
5928	48
5929	108
593	106
5930	94
5931	77
5932	24
5933	41
5934	30
5935	36
5936	36
5937	102
5938	190
5939	111
594	159
5940	46
5941	32
5942	174
5943	65
5944	30
5945	34
5946	93
5947	142
5948	398
5949	181
595	100
5950	435
5951	53
5952	129
5953	91
5954	1000
5955	378
5956	293
5957	239
5958	112
5959	70
596	42
5960	190
5961	308
5962	25
5963	187
5964	549
5965	38
5966	65
5967	22
5968	33
5969	91
597	57
5970	45
5971	163
5972	437
5973	36
5974	233
5975	54
5976	126
5977	51
5978	399
5979	33
598	38
5980	212
5981	280
5982	127
5983	28
5984	30
5985	99
5986	120
5987	59
5988	79
5989	77
599	27
5990	286
5991	85
5992	67
5993	30
5994	78
5995	186
5996	591
5997	57
5998	158
5999	27
6	71
60	70
600	23
6000	506
6001	234
6002	335
6003	254
6004	57
6005	88
6006	124
6007	326
6008	35
6009	64
601	373
6010	317
6011	197
6012	23
6013	124
6014	106
6015	57
6016	909
6017	33
6018	159
6019	89
602	154
6020	43
6021	132
6022	48
6023	147
6024	95
6025	271
6026	81
6027	36
6028	47
6029	31
603	63
6030	115
6031	51
6032	104
6033	60
6034	21
6035	280
6036	888
6037	202
6038	20
6039	123
604	287
6040	341
605	122
606	33
607	25
608	170
609	52
61	36
610	126
611	132
612	50
613	106
614	54
615	94
616	44
617	23
618	45
619	22
62	498
620	179
621	240
622	57
623	172
624	372
625	45
626	72
627	32
628	52
629	237
63	98
630	118
631	312
632	34
633	43
634	67
635	177
636	86
637	377
638	114
639	400
64	27
640	21
641	121
642	27
643	70
644	108
645	44
646	254
647	231
648	177
649	71
65	121
650	38
651	478
652	132
653	21
654	185
655	412
656	177
657	59
658	93
659	110
66	26
660	703
661	71
662	127
663	112
664	158
665	20
666	103
667	171
668	36
669	419
67	64
670	90
671	135
672	47
673	403
674	79
675	42
676	390
677	205
678	999
679	82
68	72
680	35
681	38
682	75
683	29
684	38
685	140
686	27
687	316
688	36
689	135
69	65
690	180
691	103
692	631
693	70
694	40
695	191
696	401
697	125
698	270
699	674
7	31
70	54
700	32
701	82
702	479
703	20
704	74
705	132
706	151
707	52
708	20
709	82
71	29
710	885
711	143
712	282
713	242
714	422
715	98
716	392
717	39
718	169
719	28
72	43
720	233
721	666
722	55
723	24
724	157
725	81
726	73
727	249
728	167
729	146
73	255
730	53
731	642
732	175
733	117
734	44
735	393
736	114
737	217
738	33
739	127
74	43
740	37
741	77
742	42
743	149
744	297
745	25
746	424
747	32
748	81
749	459
75	175
750	56
751	25
752	1024
753	218
754	157
755	126
756	35
757	465
758	29
759	97
76	87
760	64
761	20
762	46
763	26
764	139
765	402
766	47
767	170
768	48
769	67
77	39
770	759
771	26
772	98
773	49
774	224
775	23
776	103
777	502
778	163
779	48
78	140
780	512
781	234
782	23
783	119
784	30
785	106
786	63
787	117
788	196
789	115
79	31
790	23
791	328
792	87
793	150
794	43
795	149
796	460
797	83
798	327
799	40
8	139
80	48
800	266
801	285
802	506
803	52
804	44
805	73
806	66
807	33
808	275
809	94
81	86
810	126
811	65
812	92
813	67
814	36
815	29
816	195
817	398
818	171
819	62
82	118
820	104
821	21
822	292
823	121
824	308
825	42
826	35
827	22
828	115
829	138
83	99
830	174
831	57
832	172
833	21
834	50
835	28
836	70
837	69
838	176
839	774
84	31
840	251
841	26
842	37
843	126
844	84
845	52
846	253
847	62
848	56
849	117
85	39
850	554
851	76
852	34
853	110
854	506
855	630
856	53
857	70
858	190
859	153
86	48
860	42
861	80
862	116
863	62
864	138
865	42
866	36
867	44
868	75
869	842
87	59
870	36
871	43
872	107
873	172
874	28
875	84
876	111
877	633
878	49
879	40
88	68
880	115
881	914
882	79
883	36
884	99
885	64
886	35
887	96
888	72
889	1518
89	21
890	228
891	223
892	34
893	110
894	70
895	64
896	64
897	203
898	24
899	323
9	106
90	225
900	26
901	33
902	25
903	74
904	246
905	123
906	21
907	21
908	39
909	71
91	44
910	163
911	525
912	43
913	45
914	61
915	95
916	55
917	29
918	144
919	326
92	430
920	78
921	158
922	343
923	46
924	199
925	68
926	105
927	191
928	212
929	355
93	220
930	98
931	157
932	20
933	62
934	498
935	388
936	88
937	348
938	31
939	165
94	21
940	130
941	28
942	25
943	81
944	45
945	163
946	33
947	20
948	517
949	369
95	99
950	55
951	21
952	157
953	189
954	126
955	338
956	108
957	328
958	158
959	96
96	81
960	128
961	50
962	51
963	424
964	78
965	77
966	165
967	91
968	61
969	26
97	154
970	549
971	223
972	35
973	217
974	60
975	404
976	55
977	240
978	44
979	74
98	20
980	135
981	227
982	51
983	78
984	694
985	146
986	22
987	176
988	73
989	44
99	107
990	102
991	60
992	31
993	58
994	39
995	49
996	296
997	30
998	135
999	412
